10 14
8 10
4 16
2 14
2 8
12 2

10 14
7 10
3 15
1 13
1 7
11 1

5 10
10 10
10 5
15 5
15 10
20 10
20 5
25 5
25 10
30 10
30 15
25 15
25 20
20 20
20 15
15 15
15 20
10 20
10 15
5 15

10 5
15 5
15 10
20 10
20 5
25 5
25 10
30 10
30 5
35 5
35 20
30 20
30 15
25 15
25 20
20 20
20 15
15 15
15 20
10 20
10 15

30 10
60 40
40 40
30 30
20 40
0 40

25 0
45 25
35 49
25 37
15 49
5 25

40 10
50 20
40 30
50 40
35 35
25 25

40 10
60 30
40 50
20 30

0 0
4 0
4 4
8 4
8 0
12 0
16 4
16 0
20 0
20 4
24 0
30 0
30 4
34 4
34 0
38 0
38 12
30 12
26 4
26 2
22 6
22 8
26 12
22 12
20 10
20 12
16 12
16 8
12 4
12 12
8 12
8 8
4 8
4 12
0 12

10 10
15 40
50 45
35 20
45 15

10 10
15 40
50 45
35 30
45 15